Start=2026-07-04T13:54:07.6336110+08:00 Root=D:\UE\5.7.4r Stdout=D:\UE\Docs\Build\5.7.4r\Attempts\20260704-135349-SharedPCHRegenCheck\BuildEditor_AfterSharedPCHDelete_stdout.log Stderr=D:\UE\Docs\Build\5.7.4r\Attempts\20260704-135349-SharedPCHRegenCheck\BuildEditor_AfterSharedPCHDelete_stderr.log
End=2026-07-04T14:02:37.9652915+08:00 WallSeconds=510.332 ExitCode=
